0,2.120659235553374,0.7877851635215626,0.2901190655395977,0.39011678707886005,0.186510574852823,0.16481400250069164,0.12415554309083093,0.5271951850875286,0.4526188729737529,0.34979264192889714,0.17704772098508503,0.43701929324920424,0.325647600612063,0.5214748335135616,0.3923790922883113,0.3125365264675101,0.34457159687566985,0.3669616851582655,0.40717951421190096,0.3633531492553798,0.2985153377601246,0.2617088004456987,0.6212591034905446,0.6757529689171785,0.3355496659158377,0.3073361884707881,0.38959210538221084,0.4968310421963501,0.323990598430133,0.35713017293514215,0.37420417321155364,0.4240409354586744,0.4283815619571163,0.3975784487726101,0.5345315796701989,0.5103216890542189,0.5172304346589739,0.48365579666538955,0.5406958113467858,0.544899322726381,0.5619315700147072,0.5504595728224918,0.7530523232489559,0.5562629549595534,0.5429484957262869,0.5506696367207672,0.6085515998574963,0.6111653898918303,0.648415183073256,0.6444078919236703,0.5167876802313323,0.6222280229618191,0.5688379907582543,0.7452079749635614,0.6581815575426985,0.7670206239385347,0.6370863522507287,0.6622738587028772,0.6559975099684466,0.7463958423963941,0.7141455352461976,0.6941348820365777,0.6901634334788287,0.9203281370912042,0.6810203114813229,0.738199538710182,0.7588508725488903,0.7629976549439401,0.7286893902021463,0.7811671690276248,0.7730995446682971,0.8168419671412145,0.7880197975921736,0.8211856153987657,0.8625662601866104,0.8156953836202078,0.7906448356477426,0.8646663103053864,0.850389498742237,0.8692302403314696,0.8873270404426122,0.8624073084799806,0.9704037277285974,0.9755708943177317,0.8990690721026572,0.8887434820099116,0.9174140795944399,0.9117585038724813,0.9691837867672969,1.8720330675920682,2.406262540928217,1.8563864528306937,1.8879573144257553,1.9952484526747338,1.9478810104893998,1.9391589828755182,2.331951027216871,1.9527966848168505,2.048776525837958,1.9772138190267823
2.120659235553374,0,2.2020513757000386,1.9111768211316775,1.8209466271665404,2.0594503351378664,2.0648258832337465,2.034417846630926,2.0618032086931954,2.108092836915083,1.8869546049684893,2.0936161415063075,2.1537812194362105,1.9014941720199274,2.2121324647324188,1.8624712540200619,1.9283073471005654,1.921307745540804,1.886725190974199,1.8830817548628949,1.8845721477484132,2.105992935819599,2.1193334461152427,1.9058010830658003,1.9431808807516404,2.1139258046270304,2.07519803930599,1.901152368930063,2.108531168081735,2.118967675470408,2.1223874853331193,2.1161308487570114,2.0975627610993426,2.1264404263291654,2.095268559071996,2.155591127322996,2.0893547939199295,1.9029804789503995,2.018274274395833,1.8494922167861716,1.8560631461200874,1.8524460173247204,2.018715137085599,2.07711863643149,1.8739976434260746,1.9323333267892668,1.9160710481795036,1.8598585633106317,2.0307364327055484,1.9363860578206982,2.0952214029955747,2.1776957465460844,1.9263695113872172,2.1595597430744444,2.2232087729779746,1.9564737450097665,1.973262628680378,1.955492655596675,1.9344310255787158,1.972369597778915,1.83644541744452,1.9264606861644558,1.9276034955036085,1.949471371179575,1.6812914599884927,2.032064437925144,1.9249352751418183,1.9148047440107394,1.9367047364227428,2.144330083714175,2.127294378498025,1.965667360583463,1.950999110509454,1.9780407514165816,1.9555051627331197,2.1137265667834675,2.1118514111176445,2.128736043498669,2.0912980812983615,2.0855834595651657,2.0951312254504333,2.100393115197022,2.1125854457569235,1.863621799380552,2.185477304677591,2.186579342162291,2.203627782586714,2.2012984427339357,2.1973468045075832,1.9841770563383203,1.1253393680176897,1.4713015308533894,1.1996712454951872,1.150528959967226,1.0954612484044797,1.3643111198420095,1.2599103462152905,0.96,1.169845428050337,1.1507252742829428,1.1767474588232978
0.7877851635215626,2.2020513757000386,0,0.7098596248473293,0.7995102675071822,0.7586053589363869,0.7274781082366495,0.814280749577417,0.7988415725732737,0.3581129440969007,0.9632966532366198,0.811759206181081,0.4371883174592162,0.927664788341599,0.4101935550831059,0.6725729565313661,0.9143547646740755,0.9820730906384542,0.9127484841607295,0.7163048161360106,0.8894233296251456,0.9370950515660234,0.6820419063208333,0.458897994833602,0.42521169732834296,0.6107281299353327,0.7769778446762959,0.7968281721331456,0.497319259321508,0.7006341469851244,0.6663965510227378,0.6635522917968245,0.6092981075976552,0.6094741229593988,0.7279066260653256,0.5333500859124539,0.8431315601930658,1.0727162155362684,0.6550716150467547,0.9569033975405592,0.8859918887968262,0.8919012946206355,1.0489910100774473,0.4694720266451813,0.9710816942026904,0.8350095664915601,0.9617458214021882,1.0277026518395964,0.8172245013486379,0.7159410893920136,0.6607972428630763,0.9937764210611888,0.9678684439368904,0.8155617071674732,0.6047195353947392,0.796876633172816,0.693370737344613,0.952754687975794,0.9851087180739299,1.0747696934320452,0.9615646283336706,0.9124329652668514,0.9866970507339233,1.0128828835804538,1.0387107539711415,0.9797610232522277,1.0709614524866908,1.0614371218847303,0.9637676248646585,0.8923394038644837,0.8710234543923832,1.1049058241006742,1.0041126275564574,1.0529642896571485,1.1195671314034323,0.8441498389613451,0.9300463058159929,1.1711716674065287,0.9958387359572071,1.019811889016592,1.0647707363352912,0.9881288947656058,1.0823552789103026,1.2006684527020937,0.9037368989815631,1.0493214873652619,1.042549690412067,1.0093084378485062,1.0433118957838703,1.1669227891771683,1.992933230950953,2.1462011769721974,1.9828499317832498,2.005661283719633,2.1530003406081133,1.9444112854590518,1.8813428407224029,2.398213973193892,2.0073269876426845,2.119501033520211,2.124891706898739
0.2901190655395977,1.9111768211316775,0.7098596248473293,0,0.1289489009491706,0.1946770532988499,0.1894121467940238,0.22976274044584005,0.4012013030925057,0.3871451164855808,0.2632505240209543,0.25937427114230127,0.39189561803812223,0.3003983596357143,0.4839527576817075,0.21139898773778446,0.3062553541518212,0.3179392048948123,0.2415831206878605,0.1775277776195158,0.23785960799397796,0.3647013485628905,0.3129012046713853,0.4413096135650203,0.5297674210487593,0.3409894822138327,0.29973145738069773,0.2544802985162033,0.41499895292370426,0.35596119970007767,0.39607671255155896,0.4065941580456117,0.3833474243800784,0.435692651263829,0.37186066213341795,0.5305630258043468,0.4397247828845135,0.4638351067931647,0.39354495731706535,0.4545900497077486,0.4438618168856545,0.4601192531634594,0.49771570977628354,0.6402912182871513,0.44978316254084183,0.421531049741007,0.49062236424514316,0.49423080537856745,0.49446406389069886,0.508534820597123,0.5518881973981196,0.5863335260047902,0.5666963569976979,0.554094345756712,0.6921171241791748,0.5425947752049678,0.6399331340598307,0.5464522658385299,0.5611907575236896,0.6017745181306376,0.635836503465088,0.5916110191723136,0.6035659521045754,0.6248018956784647,0.7465509947701685,0.6474713672165738,0.6736772654230065,0.6599248764187716,0.6628170211025167,0.7023645718233068,0.7148304015707012,0.7037928085810637,0.7018342886222373,0.7103278519942594,0.7306842961699508,0.7960005061940688,0.7728196586598981,0.7959200773583986,0.7773912017694218,0.7744553469482094,0.792525148332118,0.8034996993115212,0.804513283886255,0.8720980896880124,0.9247453697781184,0.8501132215922624,0.8602751844794322,0.8755677346312977,0.8802093031362972,0.8712574226027439,1.7226946164588341,2.216521332051564,1.720499510133687,1.7398277100215076,1.8431264210976719,1.8162656489601294,1.7743527138735609,2.1297410268929378,1.7935733317178644,1.8910812326320439,1.8312763252759787
0.39011678707886005,1.8209466271665404,0.7995102675071822,0.1289489009491706,0,0.2880695923064279,0.29590631161670816,0.30781250937171395,0.4270218201898059,0.4946652398115449,0.22290457731205818,0.34042863723324696,0.5009002226092585,0.29906334142066693,0.5887563444585086,0.24633916775519507,0.317553004474976,0.30220806125077726,0.20738347953311992,0.1894218961673171,0.21299775093206558,0.4077172973527768,0.4138757632289236,0.4848193956150436,0.5815538658570947,0.4412246729548694,0.3678273874957498,0.2647734786696453,0.5011708712027828,0.4444255831928102,0.48795230290683766,0.4957863288417949,0.46786626385119395,0.5262004064685459,0.4414798782956194,0.6215566936428709,0.4733490253200634,0.43042859767486064,0.45051195639099784,0.43498681891764557,0.4365400361738881,0.45161382816378837,0.4855798957815713,0.7004860131409547,0.42321434857643603,0.42631783847725924,0.486348222056916,0.4542135699543624,0.5135627863070519,0.5286520877181597,0.6036879310247963,0.6300597499710191,0.5672935035900681,0.607611512632101,0.763256550167552,0.5589694903109872,0.6680423750766294,0.5423164576936473,0.5467174493293004,0.5882492335412068,0.623911535466691,0.5886796939891701,0.5963787690603124,0.6223161911246644,0.7044245530533975,0.6654885829393901,0.6630840250392147,0.640218254096019,0.6612263979886429,0.7438619437917682,0.7491604237389076,0.6909064781392001,0.6929845482935503,0.7055112529598864,0.7113312103705466,0.8336023852521595,0.8049984973180734,0.8067585344297734,0.789711716621118,0.7854019123141186,0.7985416279522143,0.8191755522050004,0.8141358409974891,0.8455209318428448,0.9664256749604835,0.8730104764219472,0.8899644919874649,0.9067988258898801,0.9092668946606449,0.8557113334967765,1.6593815095949598,2.1784795917472985,1.6629766442907823,1.6775530108446122,1.7713945810234804,1.7768191020254693,1.728651264611537,2.044467319129655,1.7343064437658526,1.8283213112628254,1.7643611080376742
0.186510574852823,2.0594503351378664,0.7586053589363869,0.1946770532988499,0.2880695923064279,0,0.04688362732316507,0.17851621280179816,0.3470824653030008,0.41141972909505964,0.29367886736498944,0.09433291103137638,0.3636545649272779,0.35086013500462837,0.446431886146917,0.35470187395168773,0.3418278859061121,0.32668784467459105,0.27806644776731576,0.28012213312955,0.2887460322049259,0.23011129395660904,0.23762015735003625,0.5586178075254219,0.6403013635334247,0.3043119341023577,0.21235951548376789,0.32003684253520953,0.41045962040607115,0.29652844599480593,0.3586999722386516,0.379845470348402,0.3582684956263215,0.4180160292087986,0.31058086596983236,0.534139929962486,0.36319431826274445,0.4704408588392539,0.41427152372887666,0.5216380957048156,0.5207628005970515,0.5395463249583958,0.44138788072118157,0.6934852148675938,0.48935343578116824,0.4538350730007443,0.5268411396840634,0.5307979729781235,0.4797943905407752,0.573163630547037,0.552348391164018,0.509444688608099,0.611945901103672,0.5000596726736123,0.6784901031869524,0.5886176713494964,0.708204813864899,0.5637931796543806,0.5834296680204681,0.6021378247277017,0.7059648853051553,0.6181648484110148,0.6245955188018488,0.6403807362303633,0.8546888841004854,0.6425442666592758,0.6991235596264346,0.678953619263172,0.6937733797925663,0.677548190536646,0.6961079633541344,0.7083113230953771,0.7221313168259773,0.7200426469376093,0.7378673285095576,0.8130500135432953,0.7757352003933767,0.7599190148274537,0.7643921249272967,0.7619037964046598,0.7712617025505567,0.7974853464808197,0.7808049861448494,0.9274698200149568,0.9424506025265532,0.8175113721973291,0.8307591442898953,0.8554098709491327,0.8602301564769015,0.8904160797499607,1.8299584315186073,2.361180825314466,1.8239251253295055,1.845983415455376,1.9508394946208116,1.930466528090027,1.8919438024296884,2.255246257706566,1.9059307122246945,2.0078469042747806,1.9347185232040107
0.16481400250069164,2.0648258832337465,0.7274781082366495,0.1894121467940238,0.29590631161670816,0.04688362732316507,0,0.15978473544209315,0.3764850975198746,0.37721835957447475,0.30944414022098,0.1008074264809268,0.33745347168328693,0.341635466698106,0.4235116315657453,0.32877258156232936,0.32919907450856556,0.33145352306719494,0.2892891650274365,0.27487150859031606,0.29159973374865744,0.2457966363681532,0.20119598686028248,0.5294480226203235,0.6059016284685811,0.2661837988055244,0.20168469183969576,0.3059528323885629,0.38357432565276905,0.26376756778548727,0.32018740221294684,0.3407504691002636,0.32811230774764394,0.3791245989946931,0.2923925830925888,0.4930449312373168,0.37298819902271024,0.4746083806591304,0.3870182142154362,0.5064825388536363,0.5005036441933142,0.5188297523717654,0.45722485926501444,0.6617632396147822,0.4840750639247117,0.44201153186736797,0.5109640946401107,0.530772094587629,0.4770396490243196,0.5500863846087665,0.5313268051240565,0.4951753886052868,0.5907996886647023,0.4828128409654085,0.6514301689404081,0.5674541990724552,0.6801057917537637,0.5535702878126955,0.5760885453719553,0.5963686192280897,0.6861544013911023,0.6082433644446232,0.6137342294166643,0.6269758902727999,0.8401357658047621,0.6246989025398618,0.6854934362204494,0.6731714079119331,0.6788666749049884,0.6564016522871376,0.6803605639146693,0.7011422302560195,0.7139046397107314,0.7093015907684965,0.733988194630639,0.7863473074150353,0.7514077791002493,0.7491079600947602,0.7559519436946804,0.7520723260399592,0.7659031355844764,0.7851709120489951,0.7725250872881385,0.9128887966045747,0.9125948671127341,0.806575394880077,0.8142229127410036,0.8371778970410075,0.8413568018748295,0.8815877363886692,1.8228361468932215,2.3417668653394235,1.8146570582873014,1.8385255083799805,1.9465754048310275,1.9123667488088782,1.8778189688152296,2.2559046806263825,1.8966182392640203,1.9985473313300923,1.9289195852854848
0.12415554309083093,2.034417846630926,0.814280749577417,0.22976274044584005,0.30781250937171395,0.17851621280179816,0.15978473544209315,0,0.51673009283906,0.468044543031025,0.24513973659078464,0.15801594015813072,0.46001168563141626,0.21055739554371447,0.5507945936530331,0.3091585247899579,0.19607908269500865,0.22932463956677285,0.25519518712829664,0.32442005795087114,0.24555651913561957,0.2510183573575555,0.24197018692779826,0.5743951803479351,0.6372545153735663,0.3151251836591612,0.25369468069789164,0.28113746622590763,0.480854838721397,0.28876185333399923,0.3283690790652135,0.3421150408731945,0.3924439087892337,0.40235570745641897,0.35246485964134444,0.5186220765084262,0.46462378540061444,0.40302610601025124,0.4225016688523346,0.4242125140373712,0.4349581043687584,0.4524464979942485,0.4675369793507679,0.7200849831317094,0.4418018984966217,0.447878929466202,0.44120884160341667,0.49385532436365237,0.545391443320533,0.5698690743112612,0.5980069358197532,0.45768585460107436,0.5192101274963965,0.519933651798414,0.7229104125476893,0.5738928354286229,0.6991312740662535,0.5387066024601578,0.5602966208780276,0.552982397915505,0.6431167804166129,0.6243957237840618,0.5958918873003767,0.5921384810877451,0.8110373106211403,0.5966823306578285,0.635565005316618,0.6579736393262422,0.6700994256544228,0.6696399558171329,0.7232294547441198,0.6751655937309756,0.7266481602595263,0.6948384415860861,0.7238647558707207,0.8024473247042349,0.7477482429449466,0.7104490178814916,0.7941450620944187,0.7756051946666621,0.794637312892289,0.8168350601582454,0.7868799671889026,0.8636991827110242,0.9206575321772265,0.8359792702355898,0.826460006013088,0.85677837193503,0.8476254871169768,0.8747858076671783,1.7697459424028565,2.3239160650188984,1.7558124466898428,1.7855453880203576,1.8889765955004778,1.8564006338883337,1.8460188687447108,2.2237931501581736,1.851545142995192,1.9456208070209684,1.8718162393739393
0.5271951850875286,2.0618032086931954,0.7988415725732737,0.4012013030925057,0.4270218201898059,0.3470824653030008,0.3764850975198746,0.51673009283906,0,0.525079389667438,0.5068242630562061,0.3966197381147205,0.4314632637277046,0.6333640468070042,0.46490000520438785,0.5588252808465848,0.6304800011084356,0.5753545443957766,0.46213109370788497,0.3850164932890869,0.48939845674284643,0.4400177458069821,0.48215253699476474,0.637906051219442,0.7451618196255602,0.5065154435092885,0.4043900526895578,0.5096893443831787,0.4668993507965456,0.5151301650310073,0.5843806849746166,0.6051480004700627,0.4913997277989654,0.6086333126873115,0.4428446327401889,0.7029760864238381,0.3260000691517441,0.6436268022080877,0.5387108912439567,0.7245281668801765,0.7138066992998071,0.731536652609137,0.49540803087464236,0.7403934534931801,0.6285116190344451,0.5532601598789748,0.7199294042608398,0.640723466770883,0.45292269985003775,0.6521256387709043,0.5757937734380608,0.7006164160442471,0.8060892848579464,0.5875507368013685,0.7047741674729477,0.6798333143096171,0.7831257382707792,0.6639748263159204,0.6712910232697542,0.7306394379667892,0.8409308030960615,0.656271310483866,0.7187267741700615,0.7661334403323214,0.9304642352393243,0.7780179867901541,0.8367359314920438,0.7451476044206912,0.7721562624661448,0.7667696457467177,0.7140776642782902,0.7959522477980028,0.7427511704202481,0.7966473364314021,0.784896799269767,0.8860717534578477,0.8776703942334791,0.8881779342180446,0.7493665553512018,0.7765766143575898,0.7639308733340185,0.8008052139395744,0.8078566251863133,1.0359000263387659,1.028115344354776,0.828348689684294,0.8869629462433921,0.899523521596507,0.9268572048740384,0.9250572685642822,1.8930230109837942,2.3902470142738395,1.9043577495509516,1.90924299179494,2.00994209889719,2.02981856671509,1.936479171560515,2.2446007376318744,1.9573505488413792,2.070029286251707,1.9970925940326247
0.4526188729737529,2.108092836915083,0.3581129440969007,0.3871451164855808,0.4946652398115449,0.41141972909505964,0.37721835957447475,0.468044543031025,0.525079389667438,0,0.6242829462973577,0.4574412208207868,0.13718325956199748,0.5977171867561983,0.19445020297787796,0.37749212568891033,0.5807249582282384,0.6372055568694984,0.5725087688926364,0.39888341840289987,0.5509306343117766,0.5805072529408382,0.3321240351705113,0.3077007218163372,0.34313766863152917,0.27222449352872385,0.42516309853714396,0.46821229004361425,0.2168535333403147,0.3607681362626961,0.344899900793866,0.34928059583398113,0.2923817421016513,0.3137373470957089,0.3948531326547378,0.3135541557114303,0.5282758253909737,0.7339463708809861,0.3594390713627083,0.6531550059989513,0.5961725735654435,0.6068942533454086,0.7110176325875317,0.3945361636644986,0.6551375308249143,0.5328445799382147,0.6534827473428175,0.7131927704381631,0.5350046362171895,0.48471611588544067,0.43378911718944035,0.6691069452582658,0.6838157995139614,0.5270241777617626,0.46410595546438493,0.5489104895083512,0.5363313753219552,0.6583029742701193,0.6909454921967191,0.7625633665581092,0.7167794673451471,0.6505932128825895,0.7038824522611755,0.726288334611983,0.8400517595433314,0.6995107999304339,0.7891504817749625,0.7798118754920464,0.7121256286507327,0.6498415754006244,0.6490687541936305,0.8184272894295661,0.7557467619082813,0.7847119290052607,0.8418358339161702,0.6799462676322389,0.7161133468414848,0.8787174947392676,0.7669400436721484,0.7794191968743676,0.8165650702760084,0.7728557758590222,0.8288580746989672,0.9657624810445372,0.7799202135162954,0.8212633849093065,0.8177897713887484,0.8068797369925274,0.8293617321018747,0.9296909444196517,1.8523384875366822,2.1914646909007076,1.8416686340650523,1.8660391193581845,1.999183164594218,1.8656208612014429,1.8167383020727303,2.282992643232274,1.893767155079681,2.00377074018184,1.973503043259837
0.34979264192889714,1.8869546049684893,0.9632966532366198,0.2632505240209543,0.22290457731205818,0.29367886736498944,0.30944414022098,0.24513973659078464,0.5068242630562061,0.6242829462973577,0,0.28839775194718353,0.6104210573089768,0.18467407674161296,0.6994468462282571,0.3548430055132829,0.20437000884052584,0.11219617669347012,0.10690046807989846,0.3073458835393839,0.1362816322675965,0.28688641284870714,0.4159473599236873,0.6430047221804978,0.7291515315805814,0.477467089335544,0.34190907150715727,0.2717718716978488,0.5987725621991004,0.4395532357900366,0.4942769417249204,0.5047974662840651,0.5168863919894647,0.559024191855141,0.4456915723407954,0.6797438873017099,0.4723903914517877,0.2804858554677874,0.5024090327381576,0.3765544245551851,0.41800634704704454,0.4349808047378437,0.3820203486283252,0.8185689168638226,0.36106886989923964,0.431071004459174,0.4171922658589357,0.3838889851679113,0.542054777561457,0.5962660506611012,0.6667979939157906,0.5231505398594599,0.5158578867886663,0.5929074598165763,0.8331210559976213,0.5915311952485677,0.7476371260946365,0.5061118045256783,0.5073223935509891,0.4962157912854876,0.6192488739561532,0.5967227662761123,0.5610107076913394,0.5685786675892944,0.7404485473063462,0.6142079959967452,0.600020846693034,0.5961978617442665,0.6521600413885172,0.7296328703005792,0.7628594496685953,0.6255582953136162,0.6885483756920064,0.6647477900859167,0.6603907498882071,0.8641091371305538,0.7980652025095694,0.7076083977175776,0.7899347390955784,0.7706712157780119,0.7759124482119635,0.8231612479078751,0.7775012768941295,0.8084912957672321,0.9951781291133186,0.8526854759975363,0.8623319292521128,0.8971567941043316,0.8859921439664665,0.8270610549571734,1.6631489836925029,2.27958602799921,1.6604430210621441,1.6805175866979882,1.7648038157803618,1.8031437236794763,1.7777734711341784,2.075908880758447,1.7544424610261924,1.8434095819922542,1.7563878646853275
0.17704772098508503,2.0936161415063075,0.811759206181081,0.25937427114230127,0.34042863723324696,0.09433291103137638,0.1008074264809268,0.15801594015813072,0.3966197381147205,0.4574412208207868,0.28839775194718353,0,0.40424434816398014,0.33096478188142453,0.48336834987737887,0.38257620640925705,0.31353664284286004,0.2934266787745903,0.26991780048331787,0.3146048428556843,0.2780554795906994,0.1533908599734787,0.20911390026106302,0.5980562553446601,0.6744592921188658,0.2935042801590024,0.16843512561259946,0.31049581492570927,0.42919213804245343,0.25982652662389016,0.32817118547395635,0.35055754524009636,0.34991835147675115,0.3993777518870767,0.2801112597371287,0.526014312876903,0.34410799107613205,0.4220351856151523,0.40488992911696414,0.49053715907416884,0.49684256753892037,0.5163271483632724,0.39225381078649396,0.7096924230449952,0.45520497106940183,0.4309869688634204,0.4842037848690573,0.49661041651318605,0.4653973990947674,0.5686743014645849,0.5445813775823038,0.4306105741055033,0.5706627186300431,0.4553114440105845,0.6711794340217562,0.5697993788763074,0.7052335356908328,0.5247253081776856,0.5458606170780641,0.5481028460109636,0.6793816805496407,0.5933133134288991,0.5852145314696858,0.5936667172526321,0.8464486329892543,0.5904179856868276,0.6515286345545125,0.638690652349313,0.6601196310504708,0.6330340347665055,0.6650369706919704,0.6584769511600784,0.6913835820833772,0.6753564551081844,0.6940190328465512,0.7864675206514349,0.7352430118401683,0.6914876596640213,0.7315028871344308,0.7227164133898246,0.7310234250460295,0.7645276363793607,0.7336291995400654,0.8892607980827831,0.913797449604666,0.7730742052603061,0.7811261106530679,0.812503266327652,0.8120664372822243,0.8504232425533357,1.8216656709249444,2.380840038963661,1.8120061654947954,1.8368768532153195,1.9414112319434078,1.9237017623282584,1.893425906143054,2.261156462515533,1.9006994542177371,2.0020925841954607,1.922369171176736
0.43701929324920424,2.1537812194362105,0.4371883174592162,0.39189561803812223,0.5009002226092585,0.3636545649272779,0.33745347168328693,0.46001168563141626,0.4314632637277046,0.13718325956199748,0.6104210573089768,0.40424434816398014,0,0.6129591639929977,0.096592578710455,0.4288201092551317,0.5936083646499349,0.6269826050204972,0.5534821225772412,0.3907980917079075,0.5407533083447914,0.5181493459696458,0.29803019036924955,0.3918836711971958,0.4470708253910869,0.25408504622142564,0.36781093474003607,0.4697226783829962,0.1756320042728973,0.33015137022031704,0.3391183218190827,0.3524926461911858,0.25935016653965215,0.32017197711868484,0.33651401469781067,0.35180821888893804,0.43689679586566876,0.7138722326683933,0.35413316080377594,0.6727777301325151,0.6234295417250469,0.6372463474788017,0.6472695558098231,0.4381765107409601,0.6450718353732691,0.5160634041774274,0.6599180261497495,0.696696880208663,0.47367192692436744,0.5016713148800237,0.4004650195388153,0.6281260314228438,0.7031020027758788,0.4721574448121454,0.43775605297042197,0.5532422875445883,0.5707485234398516,0.6387938312472332,0.6709290759001115,0.7397116987042869,0.7407940113107305,0.6274456543812165,0.6878681178817443,0.7152510972981099,0.8727708913237091,0.6843216092291627,0.7860768219547422,0.7562967166598291,0.7031396511499616,0.6207828241729619,0.6067397029885566,0.7935878991782842,0.7285105487259396,0.762708731554195,0.8105864207898752,0.6829033303852253,0.7107056915932446,0.8468392847314986,0.7194988370690568,0.7379195096317699,0.7650256914739414,0.7356925309487048,0.7834752083573117,0.9776951148433494,0.7931340537434142,0.7706060947309156,0.7805557384638933,0.7747145876290993,0.8018251988551707,0.9079081332636041,1.8898935824363625,2.2645218463060166,1.8814051336553657,1.903250387246626,2.0333231095040327,1.9254106384228153,1.8664051121806025,2.3128280396942897,1.934752685699719,2.048263035593314,2.0070048568465064
0.325647600612063,1.9014941720199274,0.927664788341599,0.3003983596357143,0.29906334142066693,0.35086013500462837,0.341635466698106,0.21055739554371447,0.6333640468070042,0.5977171867561983,0.18467407674161296,0.33096478188142453,0.6129591639929977,0,0.706544033462048,0.2931510540529038,0.045097934450564994,0.12762641162904778,0.21147175859904066,0.34918404680587156,0.18543499593760862,0.35273991234023533,0.38400907269979967,0.6001875364684723,0.6615572121000513,0.4359969374245971,0.36343499690166514,0.24844343034817695,0.5912862763400526,0.3991591705296119,0.4261336450808895,0.42888510780780353,0.4925759518702777,0.491233413833074,0.4488459578810394,0.5990907081335684,0.5500604425713953,0.2924728327227432,0.4677173588683581,0.28605421374638834,0.32516554541698967,0.33987218607799885,0.46727645433725795,0.7716720328500565,0.3487172393652852,0.42396827321933916,0.3402296836642933,0.3956654022084805,0.5853083897805809,0.5571408457404052,0.6564017504726037,0.48035094155847774,0.4172047260848402,0.5795981762828284,0.8043845834595444,0.5498735527606183,0.688860623086647,0.48867242033414404,0.49947107556097226,0.4766794007951777,0.5461968312337603,0.5954591235197849,0.5378672376297505,0.5255519355026684,0.6942457337165624,0.5607365112408313,0.5449783530968038,0.5912150968445282,0.6187997249175681,0.68899133288643,0.7526631285295181,0.608517866603253,0.6886534301380334,0.6414829703194487,0.6634719465691323,0.806136524253528,0.7368162685224905,0.6690229915320915,0.7992893892864217,0.768975951462059,0.7904664784258689,0.8173821333791479,0.7756528671751316,0.7488102084517776,0.9212433277649728,0.848184548035635,0.8318665785540399,0.8652866179832557,0.8451070053461732,0.8127719023972131,1.624626410144995,2.218039818998544,1.610896449475068,1.64092586834195,1.7338836251382903,1.7249960103696134,1.7269151931489333,2.0753024083794993,1.7128324624870546,1.797394798973212,1.7201914377266894
0.5214748335135616,2.2121324647324188,0.4101935550831059,0.4839527576817075,0.5887563444585086,0.446431886146917,0.4235116315657453,0.5507945936530331,0.46490000520438785,0.19445020297787796,0.6994468462282571,0.48336834987737887,0.096592578710455,0.706544033462048,0,0.518234427787542,0.6858441194224647,0.7159142374684908,0.6390816238143023,0.47131885645994337,0.6276523452847299,0.5882364618726916,0.37421471697404435,0.43853881887103774,0.4850906412696509,0.3254012479170097,0.43911021139067136,0.5531703276345966,0.20716202213324833,0.3984746781550761,0.40397621523496247,0.4166630029666437,0.3133349191720008,0.37378822735717976,0.3926704036171753,0.38450483548420344,0.47395167756179185,0.7921570330061379,0.4100637290638507,0.7528720050425357,0.7001907551250364,0.7132244965423499,0.7048284123388155,0.43703487930378326,0.7170461498474551,0.5767575088031097,0.733210601597049,0.765974466066315,0.5053857575999444,0.5459816435159818,0.4129926004838856,0.6813429269497356,0.7718317974305089,0.501876684756013,0.41569852751052633,0.5986824557837447,0.5986796442971128,0.6937855964989289,0.7263804537360335,0.8004541604028106,0.7991144603936114,0.668051429133349,0.739469861610099,0.7698084703095673,0.9265273240994053,0.7317254831155465,0.8435640168648822,0.8055051898182277,0.7459121770446376,0.642818181368441,0.6155418335265733,0.8424092231070696,0.7622915176218693,0.8051969053926508,0.853792829878704,0.694401056380986,0.7352155770819574,0.8905450875427113,0.7321880372185541,0.7575562455851783,0.7835197106805193,0.7474180947782616,0.8060061941078482,1.0285851806543087,0.7982762939605317,0.7793325407676153,0.7937327133589381,0.7821117015822134,0.8159068977305804,0.9403181454444527,1.9406027935699321,2.2883270251284458,1.9326668214031502,1.953245084216704,2.0874592387374324,1.9688217729809059,1.9015829151116228,2.359137563077475,1.979588125992584,2.0968424288812204,2.0589338766358005
0.3923790922883113,1.8624712540200619,0.6725729565313661,0.21139898773778446,0.24633916775519507,0.35470187395168773,0.32877258156232936,0.3091585247899579,0.5588252808465848,0.37749212568891033,0.3548430055132829,0.38257620640925705,0.4288201092551317,0.2931510540529038,0.518234427787542,0,0.28845311302434246,0.3575984268589095,0.3061437948107089,0.200400212169692,0.26715354183358625,0.46290296313319357,0.3242053432114444,0.31108226200742567,0.3811553663948785,0.31231682037880054,0.3464562565729405,0.19141930838738566,0.3895811735504298,0.33416316347149744,0.3372417933091672,0.3330682640053502,0.34367291541582307,0.3544187591966068,0.3716399095014103,0.422648018308175,0.5012484958587982,0.44868464572314165,0.3018521552936763,0.33288379668545603,0.29312136833634234,0.30440422441317777,0.5403010374155819,0.5206189097937471,0.3783435478305271,0.34198924401574954,0.3788536278176246,0.43797383333993994,0.4805984127232604,0.37022308675264415,0.4813125018840073,0.5503431069991724,0.4233376373911346,0.5094372511101197,0.615467615155294,0.41075216548186994,0.48157490362448135,0.45885446284057785,0.4785334630416898,0.5311521388605233,0.4762157858935068,0.5036786255083648,0.506315880015793,0.5193303054670884,0.5875979169997355,0.5422557469239888,0.5569870003964876,0.5757837615437242,0.5444838349624551,0.6085048021121563,0.6388398994224321,0.6186081521037299,0.6128447160950161,0.6122381727688576,0.6548764348190208,0.6608144673586475,0.644590762143119,0.7189245115222386,0.7098743448097001,0.69766587385798,0.7332751811853899,0.7184994534239363,0.7336411919388534,0.7269967572702545,0.7768641774651603,0.7800897114862936,0.7695361227576573,0.7771567893321283,0.7758130564361693,0.7674480788913984,1.6012426738603136,2.059570564090415,1.5922030581204467,1.6166073654970614,1.7288555436962685,1.6587622702362155,1.6305020885777624,2.030172202560921,1.662130189926008,1.7572908774902043,1.7111810782871433
0.3125365264675101,1.9283073471005654,0.9143547646740755,0.3062553541518212,0.317553004474976,0.3418278859061121,0.32919907450856556,0.19607908269500865,0.6304800011084356,0.5807249582282384,0.20437000884052584,0.31353664284286004,0.5936083646499349,0.045097934450564994,0.6858441194224647,0.28845311302434246,0,0.13088189815529455,0.21483052379106624,0.34379031167975665,0.1836391797385011,0.33168009828888056,0.3515695215447731,0.5887653205286667,0.64784441282235,0.40411231391950136,0.3349923996255054,0.22984991186478232,0.566294018003823,0.36279974622195554,0.38856461546148474,0.39115868596810477,0.4612174127732093,0.4555290900725912,0.416574136525611,0.5656419349722173,0.5280287641702953,0.27992351973592333,0.4377433466645835,0.26784196959693,0.30411507645359437,0.31934848108690894,0.44906505701185506,0.7469757438621487,0.32985102711177494,0.39887608948709585,0.31214072865254316,0.3811013634263978,0.5610692245325523,0.5326918571269394,0.6264472544016855,0.43889471340994163,0.3887425834921383,0.5424263146957304,0.7715079490578465,0.522046190558043,0.6634979309949807,0.4610843738968718,0.4747477444157838,0.44986695397032755,0.5239762771636525,0.5703241862480295,0.5106515785973407,0.49579351988507614,0.6844229261625259,0.5251844522769055,0.5176242193504238,0.5673692026912648,0.5910862362235016,0.6509567981894737,0.718993054243662,0.581380184638956,0.6632954586201931,0.612666489891597,0.6388930906231317,0.7719284459636985,0.7003970567380704,0.6339200351583787,0.769242333355266,0.7377348759090466,0.7606496732144696,0.7860081104158956,0.7435152157981724,0.7280361255629617,0.8860192776065604,0.8139217928256864,0.7948583311085207,0.828925088862533,0.808071217979343,0.7869794357238212,1.6278223366749942,2.21911938418742,1.6123166779030906,1.6434524024589952,1.7396703987962592,1.7224573127186122,1.7252443996409017,2.086137393577427,1.7142641464868722,1.8006956306681945,1.7234544111973757
0.34457159687566985,1.921307745540804,0.9820730906384542,0.3179392048948123,0.30220806125077726,0.32668784467459105,0.33145352306719494,0.22932463956677285,0.5753545443957766,0.6372055568694984,0.11219617669347012,0.2934266787745903,0.6269826050204972,0.12762641162904778,0.7159142374684908,0.3575984268589095,0.13088189815529455,0,0.138994102033324,0.3406285559408291,0.13758845224863325,0.26779957149105826,0.3887226834807997,0.651388656008319,0.7268320031801716,0.45280497710297934,0.3241560115617805,0.24926250477423503,0.5990623680593002,0.4009182454820144,0.4489619743113431,0.45725873586139026,0.4961638727605527,0.5190877963010986,0.4215171019044281,0.6421179980000323,0.47907751702076845,0.21171337102121698,0.4756891199932968,0.3067045267790361,0.3580884275601544,0.3746793795328308,0.36183681637793236,0.8052977454388631,0.3098183046601758,0.3987901042325695,0.33868346079666223,0.34103899144053906,0.5352713242949156,0.5697794377886786,0.64721532474945,0.4398239395201186,0.4362601803691901,0.5484598854923307,0.8084415986160238,0.5516945898595185,0.7167624284230949,0.45381006978191013,0.45867975205596945,0.42627697533551334,0.5612043882138747,0.563193170262182,0.5064105143061323,0.500725650874527,0.7082385010064044,0.5413430157020664,0.5265461869412277,0.5466685082124919,0.600810895663241,0.6712726554433234,0.72407004235772,0.5635778536419194,0.6507014057490489,0.6066630618898322,0.6108889653271974,0.8132184937788193,0.734289201110794,0.6251184937143557,0.7543933530300042,0.7262074459312649,0.73589901326135,0.7821209569301277,0.7262308178088286,0.7434964439786936,0.9377215574450652,0.8045388953210326,0.8019031393013869,0.8413805959975176,0.8229826234911233,0.7756969699281911,1.636982404950602,2.2685053088307323,1.6276588188708296,1.6529649665039148,1.7404389174715689,1.765166260644181,1.7542218491277088,2.075047819467081,1.7290753006267245,1.8168869572903896,1.7275118626472679
0.3669616851582655,1.886725190974199,0.9127484841607295,0.2415831206878605,0.20738347953311992,0.27806644776731576,0.2892891650274365,0.25519518712829664,0.46213109370788497,0.5725087688926364,0.10690046807989846,0.26991780048331787,0.5534821225772412,0.21147175859904066,0.6390816238143023,0.3061437948107089,0.21483052379106624,0.138994102033324,0,0.22492044438085626,0.052540960758452666,0.26063396034794206,0.36085040774604143,0.5722502022621777,0.6633885968468923,0.41235844396657284,0.2706803232986886,0.18451614719717735,0.5186645780759611,0.3732151856860139,0.43137346836857055,0.4414589047767495,0.4359276960404001,0.48899028382200954,0.3614991015681064,0.6102895887368984,0.3862600507263472,0.23703800730939853,0.4111344665389644,0.3207842853760057,0.3507221295496267,0.36876828554835556,0.310373810554235,0.7318075988424978,0.27690597788419,0.3287211174797867,0.3489444469483926,0.30294565830774794,0.438463093784119,0.4992115484399616,0.5677200637775642,0.46267807740260936,0.44988619207597214,0.5014784721459096,0.740361149559483,0.49325061425296574,0.6544754073437486,0.4112501595013884,0.41344026227166547,0.4196774386687326,0.538971805590004,0.49394908169785606,0.46851849144005714,0.4838024500350946,0.661892959052789,0.5292267345656744,0.5230433319465255,0.5053466074573144,0.5563990802478926,0.636314343782594,0.6613445782564407,0.5406632867494363,0.5879662653472656,0.5730536829798085,0.5704947120593539,0.768002637523383,0.7060752901439259,0.6355249948779796,0.6872223851323335,0.6705467295453466,0.6767941229146315,0.7206758801369154,0.6817057188689463,0.7329435524633017,0.9026813381610795,0.75454402488187,0.7681912937363619,0.7999527012002284,0.7923105746798562,0.7340832269060695,1.626147809118882,2.224911075304058,1.62388962433565,1.642293550430144,1.7328317196249214,1.7596484155021415,1.7242479683000471,2.0383650179142667,1.7098343486613532,1.8038460719619414,1.720474533352829
0.40717951421190096,1.8830817548628949,0.7163048161360106,0.1775277776195158,0.1894218961673171,0.28012213312955,0.27487150859031606,0.32442005795087114,0.3850164932890869,0.39888341840289987,0.3073458835393839,0.3146048428556843,0.3907980917079075,0.34918404680587156,0.47131885645994337,0.200400212169692,0.34379031167975665,0.3406285559408291,0.22492044438085626,0,0.21030938648679817,0.36927024566342725,0.30697085445921346,0.3708194782976129,0.4757709822534935,0.31030197347983796,0.2547054483441827,0.16442454888280866,0.34083663288705346,0.3169943292725164,0.3620659643954727,0.36963716980459127,0.306242125630226,0.3843724017577581,0.28675829991444785,0.4801190052365708,0.3357112868071674,0.401547929889423,0.27726684269484037,0.3791583800450457,0.354371311007262,0.3698211005660192,0.4036738725344622,0.5402556641362674,0.3336394093657865,0.2712278655892482,0.39816983407770784,0.37337485017359806,0.33992234283914147,0.3614421219943878,0.41686948653433675,0.5186260412767467,0.472105734119341,0.43966900146624827,0.5827423870224011,0.39382038845201117,0.5067103798655276,0.4037594817822414,0.41584511752538966,0.48412431269083095,0.5080094939046939,0.4282005687706281,0.4597542863620134,0.4950741785559039,0.6068246270065206,0.5244616442772503,0.5501839538297819,0.5116551793904748,0.5112058910074317,0.5733212142826444,0.5673163599791847,0.5657116896685255,0.5377043098851293,0.5636026885421033,0.5805378825772419,0.6593773599873668,0.639737441820461,0.6829157888007925,0.6168391899959111,0.6177278285814054,0.6353319512377956,0.6439065606920733,0.6538814530958008,0.7364047834940389,0.7962595024217854,0.7011650811763037,0.7207625066325685,0.7316825990732099,0.7407319008394475,0.7122043007219551,1.631424590785118,2.1256292053776455,1.6317717290606284,1.6466669440743291,1.7531179543638162,1.7299239883613027,1.672126799128497,2.0302701533287437,1.6940814716607473,1.7968634884373196,1.7369829851451262
